ID	b	d	major_cn	minor_cn
s0	37,73,69,49,77	171,255,260,228,216	1,1,1,1,1	1,1,1,1,1
s1	53,78,46,39,66	169,214,219,226,182	1,1,1,1,1	1,1,1,1,1
s2	83,97,88,71,95	295,339,322,326,240	1,1,1,1,1	1,1,1,1,1
s3	67,52,55,27,47	377,376,376,298,350	4,4,5,4,5	1,1,1,1,1
s4	71,93,76,67,92	439,451,478,440,471	3,3,3,3,4	1,1,1,1,1
s5	31,56,69,32,65	246,307,340,270,317	3,3,3,3,4	1,1,1,1,1
s6	54,61,39,32,66	353,437,362,332,392	3,3,3,3,4	1,1,1,1,1
s7	41,60,36,19,35	253,297,288,211,250	3,3,3,3,4	1,1,1,1,1
s8	41,55,51,29,46	245,256,274,217,205	2,2,2,2,2	1,1,1,1,1
s9	32,26,26,23,35	170,158,147,127,111	2,2,2,2,2	1,1,1,1,1
s10	61,70,72,29,80	332,350,325,290,296	2,2,2,2,2	1,1,1,1,1
s11	36,41,44,27,62	215,175,219,169,210	2,2,2,2,2	1,1,1,1,1
s12	69,53,53,33,43	287,292,289,219,237	2,2,2,2,2	1,1,1,1,1
s13	32,46,32,31,42	299,326,319,298,345	1,1,1,1,1	1,1,1,1,1
s14	19,16,26,11,42	308,312,285,218,304	3,3,3,4,4	3,3,3,4,4
s15	35,22,46,27,39	263,394,393,291,323	1,1,1,1,1	1,1,1,1,1
s16	41,32,48,54,68	336,412,431,348,413	1,1,1,1,1	1,1,1,1,1
s17	39,37,32,19,34	273,299,314,223,318	1,1,1,1,1	1,1,1,1,1
s18	40,54,41,23,37	304,337,373,284,301	3,3,3,4,4	3,3,3,4,4
s19	35,24,31,32,39	195,186,205,183,187	3,3,3,3,4	1,1,1,1,1
s20	37,55,43,38,46	331,407,401,317,384	1,1,1,1,1	1,1,1,1,1
s21	72,73,46,55,77	551,611,673,542,653	4,6,6,4,5	2,2,2,2,3
s22	71,109,85,42,103	499,598,616,491,582	4,3,4,4,5	2,2,2,2,3
s23	53,37,52,35,52	318,391,359,282,321	3,3,4,3,5	2,2,2,2,3
s24	54,84,65,33,69	313,311,350,264,236	2,2,2,2,2	1,1,1,1,1
s25	33,35,36,21,42	216,204,234,173,183	2,2,2,2,3	2,2,2,2,2
s26	64,65,67,51,83	417,387,426,378,401	2,2,2,2,3	2,2,2,2,2
s27	36,55,50,24,55	289,292,278,230,274	2,2,2,2,3	2,2,2,2,2
s28	27,32,21,7,29	149,181,153,127,128	2,2,2,2,3	2,2,2,2,2
s29	22,22,39,16,25	124,122,171,103,123	2,2,2,2,3	2,2,2,2,2
s30	25,22,27,16,25	172,151,137,113,117	2,2,2,2,2	2,1,2,1,2
s31	15,34,28,28,31	153,190,178,165,158	2,2,2,2,3	2,2,2,2,2
s32	44,73,54,37,50	286,329,305,243,247	2,2,2,2,3	2,2,2,2,2
s33	62,62,72,48,80	383,385,432,370,400	2,2,2,2,3	2,2,2,2,2
s34	14,14,21,17,18	129,147,171,126,117	2,2,2,2,3	2,2,2,2,2
s35	36,68,38,30,50	248,246,273,224,241	2,2,2,2,3	2,2,2,2,2
s36	34,58,47,23,42	220,273,277,221,222	2,2,2,2,3	2,2,2,2,2
s37	35,41,29,36,44	248,283,261,230,205	2,2,2,2,3	2,2,2,2,2
s38	35,36,27,25,53	261,209,253,200,201	2,2,2,2,3	2,2,2,2,2
s39	41,43,43,32,33	239,246,270,233,172	2,2,2,2,3	2,2,2,2,2
s40	42,38,60,23,52	264,252,281,231,261	2,2,2,2,2	2,1,2,2,2
s41	132,168,160,121,242	460,510,507,393,514	1,1,1,1,1	1,1,1,1,1
s42	19,27,30,21,39	96,117,104,119,103	2,2,2,2,2	0,0,0,0,0
s43	105,123,109,58,127	329,343,352,241,320	2,2,2,2,3	2,2,2,2,2
s44	21,23,22,8,20	128,151,123,94,102	2,2,2,2,3	2,2,2,2,2
s45	57,54,48,36,51	283,331,287,234,222	2,2,2,2,3	2,2,2,2,2
s46	42,77,79,31,68	244,336,314,223,297	2,2,2,2,2	1,1,1,1,1
s47	56,62,46,34,88	260,309,285,293,293	2,2,2,2,2	1,1,1,1,1
s48	36,48,45,20,45	211,227,245,192,204	2,2,2,2,2	1,1,1,1,1
s49	28,19,17,32,33	309,351,328,285,287	2,2,2,2,2	1,1,1,1,1
s50	64,67,68,49,64	282,319,348,278,292	2,2,2,2,2	1,1,1,1,1
s51	49,58,49,21,58	224,234,218,206,218	2,2,2,2,2	1,1,1,1,1
s52	35,37,32,22,38	169,181,164,177,156	2,2,2,2,2	1,1,1,1,1
s53	57,51,53,50,61	282,314,295,243,254	2,2,2,2,2	1,1,1,1,1
s54	57,97,66,46,87	319,388,341,287,320	2,2,2,2,2	1,1,1,1,1
s55	82,98,71,50,99	237,213,225,167,164	2,2,2,2,2	1,1,1,1,1
s56	57,62,48,30,68	272,259,250,244,250	2,2,2,2,2	1,1,1,1,1
s57	39,32,27,10,17	151,153,130,103,87	2,2,2,2,2	1,1,1,1,1
s58	38,53,41,22,28	198,191,170,107,138	2,2,2,2,2	1,1,1,1,1
s59	58,79,41,48,73	289,327,274,289,279	2,2,2,2,2	1,1,1,1,1
s60	67,95,51,50,96	357,413,373,297,344	2,2,2,2,2	1,1,1,1,1
s61	28,50,29,26,44	189,200,179,186,135	2,2,2,2,2	1,1,1,1,1
s62	50,47,45,24,43	208,204,194,177,176	2,2,2,2,2	1,1,1,1,1
s63	49,67,54,40,54	235,284,284,301,232	2,2,2,2,2	1,1,1,1,1
s64	71,95,79,66,97	388,419,409,387,370	1,1,1,1,1	1,1,1,1,1
s65	49,55,46,29,63	256,242,250,227,212	2,2,2,2,2	1,1,1,1,1
s66	42,63,48,36,49	247,286,237,252,207	2,2,2,2,2	1,1,1,1,1
s67	32,32,31,12,33	155,159,173,107,105	2,2,2,2,2	1,1,1,1,1
s68	34,45,35,35,51	266,313,315,254,218	2,2,2,2,2	1,1,1,1,1
s69	23,28,29,18,51	160,172,198,148,171	2,2,2,2,2	1,1,1,1,1
s70	71,79,54,37,77	343,400,331,273,289	2,2,2,2,2	1,1,1,1,1
s71	34,23,33,12,20	152,137,163,119,95	2,2,2,2,2	1,1,1,1,1
s72	77,103,76,65,119	356,410,398,387,390	2,2,2,2,2	1,1,1,1,1
s73	41,53,56,40,53	213,271,289,202,230	2,2,2,2,2	1,1,1,1,1
s74	73,88,69,42,102	320,406,406,355,350	2,2,2,2,2	1,1,1,1,1
s75	37,48,38,36,59	280,324,304,253,283	3,3,3,3,4	2,2,2,2,2
s76	34,34,42,24,38	207,235,250,196,240	2,2,2,2,3	2,2,2,2,2
s77	112,122,93,100,151	350,397,346,371,370	2,2,2,2,3	2,2,2,2,2
s78	26,37,24,12,40	159,212,159,143,158	2,2,2,2,2	2,2,2,2,2
s79	39,50,37,19,30	234,260,214,156,169	2,2,2,2,2	2,2,2,2,2
s80	41,45,44,33,46	252,323,298,247,234	2,2,2,2,2	2,2,2,2,2
s81	15,29,23,22,24	187,200,177,157,145	2,2,2,2,2	2,2,2,2,2
s82	42,50,55,41,65	306,306,308,231,265	2,2,2,2,3	2,2,2,2,2
s83	33,28,35,22,34	201,211,243,166,179	2,2,2,2,2	2,2,2,2,2
s84	51,69,57,35,68	376,382,365,326,378	2,2,2,2,2	2,2,2,2,2
s85	33,60,49,31,62	232,254,246,231,219	2,2,2,2,2	2,2,2,2,2
s86	66,76,83,64,73	249,269,242,271,222	2,2,2,2,2	0,0,0,0,0
s87	45,36,46,37,56	171,158,158,184,140	2,2,2,2,2	0,0,0,0,0
s88	65,55,79,34,69	202,239,273,173,182	2,2,2,2,2	0,0,0,0,0
s89	43,45,27,33,41	178,177,179,173,138	2,2,2,2,2	0,0,0,0,0
s90	49,38,38,31,53	292,293,288,233,241	2,2,2,2,2	1,1,1,1,1
s91	69,83,87,42,85	318,353,359,285,322	2,2,2,2,2	1,1,1,1,1
s92	54,75,50,55,97	329,320,298,320,310	2,2,2,2,2	1,1,1,1,1
s93	53,55,52,45,80	286,244,265,212,233	2,2,2,2,2	1,1,1,1,1
s94	68,49,53,46,56	282,263,288,191,180	2,2,2,2,2	1,1,1,1,1
s95	50,47,43,19,41	226,187,193,135,147	2,2,2,2,2	1,1,1,1,1
s96	52,49,55,42,58	265,228,245,218,185	2,2,2,2,2	1,1,1,1,1
s97	48,61,53,41,87	316,249,254,242,257	2,2,2,2,2	1,1,1,1,1
s98	121,127,105,78,169	288,277,255,278,303	2,2,2,2,2	1,1,1,1,1
s99	31,53,33,17,32	181,201,171,146,125	2,2,2,2,2	1,1,1,1,1
s100	53,57,34,32,48	274,244,218,198,209	2,2,2,2,2	1,1,1,1,1
s101	66,86,47,44,76	368,379,325,339,345	2,2,2,2,2	1,1,1,1,1
s102	74,76,88,61,93	431,467,419,411,454	2,2,2,2,3	2,2,2,2,2
s103	27,23,38,14,28	146,161,183,83,148	2,2,2,2,3	2,2,2,2,2
s104	37,48,35,28,44	249,275,243,206,203	2,2,2,2,3	2,2,2,2,2
s105	48,92,48,45,56	334,376,346,304,323	2,2,2,2,3	2,2,2,2,2
s106	34,45,30,32,49	284,295,274,269,227	2,2,2,2,3	2,2,2,2,2
s107	30,74,43,30,37	261,291,294,249,231	2,2,2,2,3	2,2,2,2,2
s108	56,55,72,41,70	372,365,401,355,348	2,2,2,2,3	2,2,2,2,2
s109	38,71,44,15,45	254,342,314,230,256	2,2,2,2,3	2,2,2,2,2
s110	46,53,52,50,56	301,285,322,276,267	2,2,2,2,3	2,2,2,2,2
s111	47,49,40,28,37	165,134,171,147,123	1,1,1,1,1	1,1,1,1,1
s112	44,26,21,16,36	155,133,113,115,88	1,1,1,1,1	1,1,1,1,1
s113	67,76,56,30,64	240,213,231,190,156	1,1,1,1,1	1,1,1,1,1
s114	66,77,55,31,64	241,213,233,196,153	1,1,1,1,1	1,1,1,1,1
s115	30,35,26,18,25	93,108,101,83,65	1,1,1,1,1	1,1,1,1,1
s116	31,33,19,28,24	107,100,101,118,73	1,1,1,1,1	1,1,1,1,1
s117	38,54,49,23,38	172,173,189,146,116	1,1,1,1,1	1,1,1,1,1
s118	58,74,54,50,80	238,275,205,246,210	1,1,1,1,1	1,1,1,1,1
s119	45,53,52,33,67	208,233,260,206,188	1,1,1,1,1	1,1,1,1,1
s120	35,49,39,25,37	157,177,175,148,120	1,1,1,1,1	1,1,1,1,1
s121	52,50,46,32,45	170,208,161,151,149	1,1,1,1,1	1,1,1,1,1
s122	58,76,56,34,70	227,254,231,173,180	1,1,1,1,1	1,1,1,1,1
s123	36,62,42,15,43	131,186,181,140,142	1,1,1,1,1	1,1,1,1,1
s124	37,42,40,25,41	224,215,270,190,187	2,2,2,2,3	2,2,2,2,2
s125	38,44,41,25,41	224,217,271,190,187	2,2,2,2,3	2,2,2,2,2
s126	57,60,54,44,51	250,281,302,230,191	2,2,2,2,2	1,1,1,1,1
s127	89,146,136,66,130	476,601,613,483,479	2,2,2,2,2	1,1,1,1,1
s128	60,67,68,37,64	306,294,328,250,254	2,2,2,2,2	1,1,1,1,1
s129	38,54,44,20,41	220,241,242,211,203	2,2,2,2,2	1,1,1,1,1
s130	49,72,73,52,84	281,316,306,285,277	2,2,2,2,2	1,1,1,1,1
s131	68,62,113,55,92	348,425,447,334,340	2,2,2,2,2	1,1,1,1,1
s132	57,126,69,73,109	413,497,493,451,415	2,2,2,2,3	1,1,1,1,1
s133	76,80,58,47,78	336,312,324,280,258	2,2,2,2,3	1,1,1,1,1
s134	29,36,34,19,32	142,175,162,129,126	2,2,2,2,3	1,1,1,1,1
s135	40,50,23,24,31	227,256,209,180,221	3,3,3,3,4	1,1,1,1,1
s136	23,32,18,15,27	155,172,162,116,107	3,3,3,3,4	1,1,1,1,1
s137	26,22,29,18,29	191,238,244,165,170	3,4,1,1,4	1,1,1,1,1
s138	39,49,33,31,43	292,362,383,286,319	1,4,4,4,5	1,1,1,1,1
s139	14,19,26,16,31	171,189,172,140,167	4,4,4,4,5	1,1,1,1,1
s140	45,45,30,28,43	353,377,309,235,305	1,1,1,4,1	1,1,1,1,1
s141	45,39,24,20,31	265,298,259,205,186	5,5,5,5,7	1,1,1,1,1
s142	21,39,21,24,56	337,398,365,265,342	5,7,5,5,7	1,1,1,1,1
s143	34,40,32,16,37	349,377,322,289,277	5,5,1,5,7	1,1,1,1,1
s144	27,16,18,15,12	170,158,188,84,160	5,5,5,5,7	1,1,1,1,1
s145	22,22,19,18,24	260,258,248,186,242	5,5,5,5,6	1,1,1,1,1
s146	36,36,35,14,60	340,386,322,277,378	5,5,5,5,6	1,1,1,1,1
s147	67,66,69,43,65	318,402,365,268,297	3,3,3,3,4	1,1,1,1,1
s148	43,32,31,21,36	212,206,219,169,159	3,3,3,3,4	1,1,1,1,1
s149	52,41,60,37,49	305,322,319,287,253	3,3,3,3,4	1,1,1,1,1
s150	20,23,31,37,43	275,253,264,223,251	3,3,3,3,4	1,1,1,1,1
s151	46,37,38,38,33	267,303,312,228,205	3,3,3,3,3	1,1,1,1,1
s152	34,47,66,33,43	202,304,268,244,227	2,2,1,2,1	1,1,1,1,1
s153	56,91,63,32,71	278,333,305,239,282	2,2,2,2,2	1,1,1,1,1
s154	66,49,65,38,68	305,326,312,269,320	2,2,2,2,2	1,1,1,1,1
s155	92,92,66,46,110	394,361,378,304,399	2,2,2,2,2	1,1,1,1,1
s156	55,76,55,40,67	298,333,322,306,274	2,2,2,2,2	1,1,2,1,1
s157	59,70,67,46,56	298,327,342,343,284	2,2,2,2,2	1,1,2,1,1
s158	70,78,82,49,85	333,376,425,351,304	2,2,2,2,2	1,1,2,1,1
s159	58,74,72,29,99	307,356,385,275,366	2,2,2,2,2	1,1,1,1,1
s160	39,57,35,26,45	150,176,219,128,135	2,2,2,2,2	1,1,1,1,1
s161	52,57,28,40,57	263,250,283,224,202	2,2,2,2,2	1,1,1,1,1
s162	26,45,24,18,24	139,151,189,120,105	2,2,2,2,2	1,1,1,1,1
s163	39,66,45,38,63	248,268,255,222,203	2,2,2,2,2	1,1,1,1,1
s164	46,74,61,28,60	288,310,312,280,246	2,2,2,2,2	1,1,1,1,1
s165	62,63,50,34,78	303,303,303,251,280	2,2,2,2,2	1,1,1,1,1
s166	37,34,36,18,50	145,178,169,115,145	2,2,2,2,2	1,1,1,1,1
s167	26,26,42,12,29	109,148,166,137,114	2,2,1,2,2	1,1,1,1,1
s168	39,49,40,34,42	206,269,215,231,194	2,2,1,2,2	1,1,1,1,1
s169	24,27,50,33,36	161,159,187,139,118	1,1,1,1,1	1,1,1,1,1
s170	52,53,49,49,72	218,180,215,207,201	1,1,1,1,1	1,1,1,1,1
s171	136,174,150,91,151	347,387,395,337,336	2,2,2,2,2	1,1,1,1,1
s172	55,58,51,29,33	269,236,286,179,148	2,2,2,2,2	1,1,1,1,1
s173	49,72,61,40,66	266,328,282,242,234	2,2,2,2,2	1,1,1,1,1
s174	42,47,39,31,33	165,182,188,178,151	2,2,2,2,2	1,1,1,1,1
s175	19,39,32,24,40	170,228,197,185,130	2,2,2,2,2	1,1,1,1,1
s176	71,68,58,37,76	319,326,373,283,301	2,2,2,2,2	1,1,1,1,1
s177	27,41,27,9,34	243,291,267,146,188	2,2,2,2,2	1,1,1,1,1
s178	71,57,28,44,71	267,263,272,266,161	2,1,2,2,2	0,1,1,1,0
s179	43,58,62,24,65	296,310,316,272,272	2,2,2,2,3	2,2,2,2,2
s180	143,138,137,92,150	416,461,477,417,365	2,2,2,2,3	2,2,2,2,2
s181	61,77,62,34,65	586,597,514,432,492	1,1,1,1,1	1,1,1,1,1
s182	45,62,48,29,65	236,267,262,214,155	2,2,2,1,2	0,0,1,1,0
s183	50,50,42,33,44	172,195,229,186,129	2,2,2,2,1	0,0,1,1,1
s184	44,49,47,26,48	185,251,238,226,243	1,2,2,2,2	1,1,1,1,2
s185	43,59,37,24,49	186,226,221,211,228	2,2,2,2,2	1,2,1,2,2
s186	76,78,56,48,78	326,348,354,354,366	2,2,2,2,2	1,2,1,2,2
s187	16,17,18,16,21	80,117,112,96,98	2,2,2,2,2	1,1,1,2,2
s188	56,58,59,39,48	266,285,306,209,225	2,2,2,2,3	2,2,2,2,2
s189	44,57,43,29,63	295,314,295,266,302	2,2,2,2,3	2,2,2,2,2
s190	38,74,73,39,63	284,359,331,272,297	2,2,2,2,3	2,2,2,2,2
s191	37,74,65,44,60	302,390,391,282,334	2,2,2,2,3	2,2,2,2,2
s192	25,36,23,12,29	269,263,243,167,196	1,1,1,1,1	1,1,1,1,1
s193	51,54,52,53,57	259,293,312,289,222	2,2,2,2,2	1,1,1,1,1
s194	40,56,30,33,68	225,217,198,216,226	2,2,2,2,2	1,1,1,1,1
s195	42,77,56,43,66	265,342,282,259,274	2,2,2,2,2	1,1,1,1,1
s196	43,58,63,30,64	275,313,306,254,247	2,2,2,2,2	1,1,1,1,1
s197	15,29,24,19,17	128,139,150,131,105	2,2,2,2,2	1,1,1,1,1
s198	26,49,28,28,60	252,254,229,235,243	2,2,2,2,3	2,2,2,2,2
s199	58,77,47,45,67	356,391,381,336,345	2,2,2,2,3	2,2,2,2,2
s200	42,44,37,34,38	228,247,244,186,225	2,2,2,2,3	2,2,2,2,2
s201	25,27,19,14,26	168,147,116,98,117	2,2,2,2,3	2,2,2,2,2
s202	61,84,69,45,94	399,460,422,336,409	2,2,2,2,3	2,2,2,2,2
s203	54,58,46,20,64	310,295,273,223,256	2,2,2,2,3	2,2,2,2,2
s204	67,56,58,46,64	345,383,356,292,330	2,2,2,2,3	2,2,2,2,2
s205	46,52,56,32,63	282,368,375,234,290	2,2,2,2,3	2,2,2,2,2
s206	72,87,64,45,67	320,406,414,291,331	2,2,2,2,3	2,2,2,2,2
s207	43,67,35,33,57	290,353,360,290,316	2,2,2,2,3	2,2,2,2,2
s208	32,38,47,19,42	215,245,259,148,172	2,3,2,2,3	2,2,2,2,2
s209	51,31,44,17,27	188,197,196,152,124	2,2,2,2,2	1,1,1,1,1
s210	42,32,54,52,54	264,264,316,298,259	2,2,2,2,2	1,1,1,1,1
s211	28,28,39,29,43	190,180,233,220,185	2,2,2,2,2	1,1,1,1,1
s212	42,64,53,26,47	230,269,277,188,221	2,2,2,2,2	1,1,1,1,1
s213	66,60,77,43,75	318,337,358,313,276	2,2,2,2,2	1,1,1,1,1
s214	39,42,47,29,30	182,195,215,146,137	2,2,2,2,2	1,1,1,1,1
s215	24,33,20,18,49	140,143,141,187,161	2,2,2,1,2	1,1,1,1,1
s216	51,40,17,28,53	184,175,173,151,120	1,1,1,1,1	1,1,1,1,1
s217	52,76,77,43,80	232,278,283,226,204	1,1,1,1,1	1,1,1,1,1
s218	43,45,47,28,33	155,177,161,128,99	1,1,1,1,1	1,1,1,1,1
s219	62,64,73,38,78	237,249,311,208,201	1,1,1,1,1	1,1,1,1,1
s220	38,71,51,49,69	168,249,225,234,206	1,1,1,1,1	1,1,1,1,1
s221	40,47,45,30,41	144,154,170,154,106	1,1,1,1,1	1,1,1,1,1
s222	55,74,56,41,75	186,253,245,233,196	1,1,1,1,1	1,1,1,1,1
s223	38,58,53,29,60	163,204,186,158,138	1,1,1,1,1	1,1,1,1,1
s224	43,47,33,19,28	160,168,135,123,88	1,1,1,1,1	1,1,1,1,1
s225	39,45,35,34,55	150,199,231,190,160	1,1,1,1,1	1,1,1,1,1
s226	26,30,38,23,28	109,104,134,90,79	1,1,1,1,1	1,1,1,1,1
s227	48,95,52,50,87	238,287,240,246,231	1,1,1,1,1	1,1,1,1,1
s228	92,106,111,68,90	444,510,526,457,463	1,1,1,1,1	1,1,1,1,1
s229	59,79,45,50,78	240,239,229,236,205	1,1,1,1,1	1,1,1,1,1
s230	30,56,49,35,47	176,239,222,185,149	1,1,1,1,1	1,1,1,1,1
s231	32,56,51,26,42	160,202,205,157,116	1,1,1,1,1	1,1,1,1,1
s232	46,52,51,28,55	220,241,258,206,219	2,2,2,2,2	1,1,1,1,1
s233	69,68,103,48,88	303,395,403,328,273	2,2,2,2,2	1,2,1,1,1
s234	33,44,49,34,35	197,247,217,164,165	2,2,2,2,2	1,1,1,1,1
s235	58,60,54,39,53	246,246,274,189,189	2,2,2,2,2	1,1,1,1,1
s236	45,62,43,42,62	302,278,278,228,214	2,2,2,2,2	1,1,1,1,1
s237	44,51,57,42,66	181,221,189,186,163	2,2,2,2,2	0,0,0,0,0
s238	63,65,49,46,68	225,225,184,223,182	2,2,2,2,2	0,0,0,0,0
s239	58,76,57,65,78	287,357,345,402,384	2,2,2,2,2	1,1,1,1,1
s240	56,53,49,37,55	219,262,256,222,226	2,2,2,2,2	1,1,1,1,1
s241	79,74,80,47,65	316,348,326,261,256	2,2,2,2,2	1,1,1,1,1
s242	44,64,59,47,64	310,330,331,258,250	2,2,2,2,1	2,2,2,2,1
s243	25,29,18,15,18	171,181,151,107,118	2,2,2,2,3	2,2,2,2,2
s244	58,105,49,62,57	392,502,446,416,363	2,3,2,2,3	2,2,2,2,2
s245	47,70,52,37,50	282,341,318,254,260	2,3,2,2,3	2,2,2,2,2
s246	62,96,92,58,84	398,510,409,437,435	2,3,2,2,3	2,2,2,2,2
s247	19,40,25,17,23	187,210,201,167,190	2,2,2,2,3	2,2,2,2,2
s248	32,40,32,18,31	172,178,182,127,122	2,2,2,2,2	1,1,1,1,1
s249	33,46,41,13,34	208,246,219,203,191	2,2,2,2,2	1,1,1,1,1
s250	56,57,39,32,77	245,255,270,268,293	2,2,2,2,2	1,1,1,1,1
s251	32,53,31,21,25	185,222,169,139,123	2,2,2,2,2	1,1,1,1,1
s252	60,68,88,50,90	305,353,366,293,311	2,2,2,2,1	1,1,1,1,1
s253	51,70,51,47,78	297,316,295,250,248	2,2,2,2,2	1,1,1,1,1
s254	66,52,59,38,57	265,284,239,209,208	2,2,2,2,2	1,1,1,1,1
s255	35,55,36,34,66	236,249,239,185,242	2,2,2,2,2	1,1,1,1,1
s256	23,32,36,17,23	142,162,149,113,123	2,2,2,2,2	1,1,1,1,1
s257	42,58,70,44,69	254,303,299,267,289	2,2,2,2,2	1,1,1,1,1
s258	40,55,30,27,58	236,240,208,191,212	2,2,2,2,2	1,1,1,1,1
s259	45,69,32,25,61	244,264,222,218,216	2,2,2,2,2	1,1,1,1,1
s260	70,85,74,51,64	331,340,350,338,294	2,2,2,2,2	1,1,1,1,1
s261	41,48,45,39,24	237,204,210,181,134	2,2,2,2,2	1,1,1,1,1
s262	81,72,74,66,103	220,249,259,216,212	2,2,2,2,3	2,2,2,2,2
s263	36,65,38,36,58	273,309,275,246,283	2,2,2,2,2	2,2,2,2,2
s264	83,99,81,68,105	456,450,455,371,393	2,2,2,2,3	2,2,2,2,2
s265	35,45,65,42,59	271,341,312,306,302	2,2,2,2,3	2,2,2,2,2
s266	27,26,16,11,13	158,152,144,87,97	2,2,2,2,3	2,2,2,2,2
s267	45,45,47,46,87	336,317,305,307,362	2,2,2,2,3	2,2,2,2,2
s268	42,58,67,42,63	355,378,363,301,371	2,2,2,2,3	2,2,2,2,2
s269	124,161,119,121,167	351,473,408,416,441	2,2,2,2,3	2,2,2,2,2
s270	45,51,61,35,66	299,353,330,268,290	2,2,2,2,3	2,2,2,2,2
s271	27,50,34,21,38	204,271,269,240,230	2,2,2,2,3	2,2,2,2,2
s272	36,72,33,33,58	299,382,308,277,276	2,2,2,2,3	2,2,2,2,2
s273	36,46,44,22,34	208,268,222,178,195	2,2,2,2,3	2,2,2,2,2
s274	53,61,59,29,54	299,332,314,245,281	2,2,2,2,2	1,2,1,1,2
s275	28,32,27,23,33	117,107,130,115,90	1,1,1,1,1	1,1,1,1,1
s276	45,43,22,34,34	170,154,163,166,126	1,1,1,1,1	1,1,1,1,1
s277	50,55,46,31,72	358,293,335,293,287	1,1,3,1,1	1,1,1,1,1
s278	34,55,35,21,56	211,230,192,169,224	3,3,3,3,4	1,1,1,1,1
s279	29,46,38,20,40	295,421,314,277,364	4,4,4,5,4	3,4,3,3,4
s280	58,105,69,88,99	339,428,387,425,354	1,4,3,5,1	1,4,1,3,1
s281	46,49,55,31,55	372,459,433,381,478	4,4,5,4,4	4,4,3,4,4
s282	44,61,61,43,63	264,298,303,240,268	2,2,2,2,2	1,1,1,1,1
s283	23,46,39,33,54	191,182,233,204,195	2,2,2,2,2	1,1,1,1,1
s284	40,35,33,20,37	217,192,190,171,155	2,2,2,2,2	1,1,1,1,1
s285	23,35,32,22,31	135,185,164,138,117	7,7,7,7,7	1,1,1,1,1
s286	35,36,36,20,29	314,344,361,231,233	7,7,7,7,7	1,1,1,1,1
s287	33,28,26,17,28	119,95,118,85,62	1,1,1,1,1	1,1,1,1,1
s288	48,62,61,41,78	207,210,270,206,191	1,1,1,1,1	1,1,1,1,1
s289	65,82,60,56,68	266,252,252,258,176	1,1,1,1,1	1,1,1,1,1
s290	61,66,66,34,76	231,249,281,191,218	1,1,1,1,1	1,1,1,1,1
s291	79,91,43,63,84	266,297,265,239,228	1,1,1,1,1	1,1,1,1,1
s292	64,110,81,69,108	386,409,319,314,293	1,1,1,1,1	1,1,1,1,1
s293	102,117,111,82,116	229,217,220,198,166	2,2,2,2,2	0,0,0,0,0
s294	67,69,68,43,82	287,278,258,259,242	2,2,2,2,2	0,0,0,0,0
s295	49,71,57,36,66	240,336,307,258,263	2,3,2,2,3	0,0,0,0,0
s296	45,68,45,35,65	202,227,236,202,181	2,2,2,2,2	0,0,0,0,0
s297	143,177,163,133,153	242,277,315,286,214	2,2,2,2,2	0,0,0,0,0
s298	37,51,47,29,44	180,207,231,207,144	2,2,2,2,2	0,0,0,0,0
s299	45,40,38,23,46	152,153,155,125,121	2,2,2,2,2	0,0,0,0,0
s300	29,55,41,26,44	151,155,163,143,107	2,2,2,2,2	0,0,0,0,0
s301	59,78,49,46,65	272,307,307,242,235	2,2,2,2,2	0,0,0,0,0
s302	44,64,42,45,65	177,245,232,242,183	2,2,2,2,2	0,0,0,0,0
s303	42,65,49,33,38	185,214,209,155,127	2,2,2,2,2	0,0,0,0,0
s304	64,95,78,45,88	380,474,468,365,441	3,3,3,3,3	1,1,1,1,1
s305	53,71,53,52,95	326,401,351,327,413	3,3,3,4,4	1,1,1,1,1
s306	80,106,86,65,96	458,571,555,437,513	4,1,3,4,5	1,1,1,1,1
s307	70,72,52,32,83	366,461,405,332,418	4,5,1,4,5	1,1,1,1,1
s308	39,68,80,47,99	551,728,723,523,645	7,7,6,6,7	1,1,1,1,1
s309	69,86,102,53,118	583,720,751,613,714	5,5,5,5,7	1,1,1,1,1
s310	74,103,80,53,67	248,315,310,284,223	1,1,1,1,1	1,1,1,1,1
s311	42,61,56,46,83	222,220,295,256,228	1,1,1,1,1	1,1,1,1,1
s312	74,73,78,56,66	261,284,262,274,200	1,1,1,1,1	1,1,1,1,1
s313	30,42,27,19,27	128,131,134,88,95	1,1,1,1,1	1,1,1,1,1
s314	61,55,46,26,60	227,227,179,181,163	1,1,1,1,1	1,1,1,1,1
s315	99,68,68,43,79	343,347,341,297,285	2,2,2,2,2	1,1,1,1,1
s316	85,89,84,65,97	200,278,232,194,192	3,3,3,3,1	0,0,0,0,1
s317	43,90,70,36,76	297,336,329,298,330	3,3,3,3,3	0,0,0,0,0
s318	55,98,77,53,102	278,389,378,329,363	1,1,1,1,1	1,1,1,1,1
s319	56,79,65,38,55	176,217,190,186,155	3,3,3,3,4	1,1,1,1,1
s320	34,38,49,33,45	208,255,271,193,216	3,3,3,3,4	1,1,1,1,1
s321	41,90,66,38,80	269,435,375,302,354	3,3,3,3,4	1,1,1,1,1
s322	38,69,45,32,53	305,388,336,274,308	3,3,3,3,4	1,1,1,1,1
s323	43,49,48,28,62	292,328,284,244,305	3,3,3,3,4	1,1,1,1,1
s324	52,59,41,32,64	281,360,259,270,330	3,3,3,3,4	1,1,1,1,1
s325	99,178,125,90,147	316,471,408,370,368	3,3,3,3,4	1,1,1,1,1
s326	25,32,32,13,33	165,162,199,114,148	3,3,3,3,4	1,1,1,1,1
s327	42,83,52,49,65	262,364,322,277,302	3,3,3,3,3	1,1,1,1,1
s328	50,41,40,41,74	218,195,220,231,190	2,2,2,2,2	0,0,0,0,0
s329	44,49,49,25,35	143,143,162,103,71	2,2,2,2,2	0,0,0,0,0
s330	46,42,33,28,73	183,194,176,203,182	2,2,2,2,2	0,0,0,0,0
s331	100,131,156,88,175	396,403,479,416,427	2,2,2,2,2	0,0,0,0,0
s332	179,248,196,156,266	336,418,346,336,343	2,2,2,2,2	0,0,0,0,0
s333	58,61,51,38,53	228,242,201,242,163	2,2,2,2,2	0,0,0,0,0
s334	28,54,42,31,41	148,192,176,194,143	2,2,2,2,2	0,0,0,0,0
s335	55,71,69,35,55	218,235,240,233,149	2,2,2,2,1	0,0,0,0,1
s336	37,53,60,26,69	531,656,611,507,659	7,7,7,7,7	1,1,1,1,1
s337	139,193,172,125,174	698,860,796,532,774	8,7,7,7,8	0,1,1,1,0
s338	40,48,65,45,56	669,947,741,640,912	8,7,7,7,8	0,1,1,1,0
s339	41,56,37,32,60	693,764,727,568,770	8,7,7,7,8	0,1,1,1,0
s340	47,48,44,39,49	459,519,453,321,437	1,1,1,1,1	1,1,1,1,1
s341	50,43,65,41,48	444,525,574,359,477	7,7,6,7,7	1,1,2,1,1
s342	67,103,72,44,78	549,625,553,340,545	8,8,8,8,8	0,0,0,0,0
s343	28,52,36,37,50	541,661,569,519,589	1,1,1,7,1	1,1,1,1,1
s344	183,212,153,127,198	858,1037,859,657,942	8,8,8,8,8	0,0,0,0,0
s345	77,96,76,51,87	720,922,836,660,939	8,8,8,8,8	0,0,0,0,0
s346	240,279,240,118,200	384,445,418,239,282	1,1,1,1,1	1,1,1,1,1
s347	66,80,86,47,53	412,432,431,339,380	5,5,5,4,6	0,0,0,0,0
s348	59,69,54,46,72	196,162,181,182,113	1,1,1,1,1	0,0,0,0,0
s349	46,47,38,32,54	278,305,273,192,219	2,2,2,2,2	1,1,1,1,1
s350	31,46,42,29,65	600,802,620,511,593	1,1,1,1,1	1,1,1,1,1
s351	58,80,29,23,54	430,532,458,360,460	8,8,7,8,8	0,0,1,0,0
s352	52,67,65,32,67	610,769,695,528,772	7,7,7,8,7	1,1,1,0,1
s353	36,35,28,11,32	169,156,170,105,133	2,2,2,2,2	1,1,1,1,1
s354	21,54,13,32,44	156,206,182,191,171	2,2,2,2,2	1,1,1,1,1
s355	23,36,14,7,22	124,209,133,94,116	2,2,2,2,2	1,1,1,1,1
s356	50,80,68,65,86	290,370,341,305,311	2,2,2,2,2	1,1,1,1,1
s357	44,38,53,31,74	224,267,273,221,230	2,2,2,2,2	1,1,1,1,1
s358	66,83,75,48,97	194,225,215,229,158	1,1,1,1,1	0,0,0,0,0
s359	63,42,63,38,57	301,313,328,271,227	2,2,2,2,2	1,1,1,1,0
s360	45,36,52,25,47	223,256,277,258,190	2,2,2,2,2	1,1,1,1,0
s361	45,66,71,50,88	258,306,336,283,271	2,2,2,2,2	1,1,1,1,1
s362	43,87,48,35,85	280,331,360,228,267	2,2,2,2,2	1,1,1,1,1
s363	46,40,37,26,41	166,154,197,160,119	1,1,1,1,1	1,1,1,1,1
s364	49,63,76,48,72	199,239,245,236,184	1,1,1,1,1	1,1,1,1,1
s365	58,98,61,31,125	262,294,265,243,260	1,1,1,1,1	1,1,1,1,1
s366	93,128,89,58,106	409,470,483,392,343	2,2,2,2,2	1,1,1,1,1
s367	52,74,45,42,85	314,372,304,342,334	2,2,2,2,2	1,1,1,1,1
s368	76,78,69,61,86	293,356,307,323,308	2,2,2,2,2	1,1,1,1,1
s369	67,92,93,40,101	333,358,369,309,333	2,2,2,2,2	1,1,1,1,1
s370	29,41,22,17,19	158,198,144,145,108	2,2,2,2,2	1,1,1,1,1
s371	55,79,62,32,84	237,287,238,222,241	1,1,1,1,1	1,1,1,1,1
s372	34,69,34,16,36	181,207,186,193,139	1,1,1,1,1	1,1,1,1,1
s373	71,95,85,48,110	401,431,427,354,410	2,2,2,2,2	1,1,1,1,1
s374	45,43,61,30,64	241,221,263,212,214	2,2,2,2,2	1,1,1,1,1
s375	53,61,49,42,54	271,328,299,264,236	2,2,2,2,2	1,1,1,1,1
s376	41,66,68,54,29	556,777,653,558,575	6,7,7,6,7	1,1,1,1,1
s377	131,141,137,55,102	203,233,240,127,140	5,5,5,4,4	1,1,1,1,1
s378	46,61,52,33,55	449,435,489,319,351	5,5,5,4,4	1,1,1,1,1
s379	26,62,39,34,47	165,207,165,152,142	1,1,1,1,1	1,1,1,1,1
s380	37,60,39,33,63	210,229,235,249,182	1,1,1,1,1	1,1,1,1,1
s381	32,48,27,39,45	139,183,193,157,132	1,1,2,1,2	1,1,1,1,1
s382	63,71,83,66,106	289,296,343,315,278	2,1,2,1,1	1,1,1,1,1
s383	34,52,54,36,81	226,229,254,191,206	2,1,1,1,1	1,1,1,1,1
s384	91,115,87,88,107	449,535,465,420,455	1,1,1,1,1	1,1,1,1,1
s385	81,138,122,76,123	217,314,279,221,235	2,2,2,2,3	1,1,1,1,1
s386	25,29,26,20,18	134,144,138,121,86	2,2,2,2,3	1,1,1,1,1
s387	70,96,99,58,66	325,345,393,262,288	2,2,2,2,3	1,1,1,1,1
s388	48,59,33,23,56	229,217,213,173,177	2,2,2,2,2	1,1,1,1,1
s389	34,54,50,37,44	194,225,244,200,195	2,2,2,2,2	1,1,1,1,1
s390	26,42,33,34,28	149,189,160,181,141	2,2,2,2,2	1,1,1,1,1
s391	42,60,43,33,54	232,285,219,212,224	2,2,2,2,2	1,1,1,1,1
s392	61,96,65,41,95	320,371,328,305,323	1,2,2,2,3	1,1,1,1,1
s393	82,94,92,66,91	379,439,417,367,342	2,2,2,2,2	1,1,1,1,1
s394	63,85,65,47,79	307,337,313,329,255	2,2,2,2,1	1,1,1,1,1
s395	54,72,52,43,91	397,354,389,380,357	2,2,2,2,2	1,1,1,1,1
s396	88,112,67,86,143	405,453,442,418,396	2,2,2,2,1	1,1,1,1,1
s397	44,70,43,24,76	273,293,274,234,194	2,2,2,2,1	1,1,1,1,1
s398	46,45,43,25,73	257,220,243,181,193	2,2,2,2,1	1,1,1,1,1
s399	46,60,52,42,66	281,292,296,287,285	2,2,2,2,2	2,2,1,1,2
s400	119,120,116,96,159	325,358,333,302,304	2,2,2,2,2	2,2,2,1,2
s401	43,55,43,33,52	329,332,329,268,245	2,2,2,2,2	2,2,2,1,2
s402	74,81,68,54,80	420,473,427,379,358	2,2,2,2,2	2,2,2,1,2
s403	46,55,48,40,57	307,365,331,246,237	2,2,2,2,2	2,2,2,1,2
s404	39,51,55,41,40	274,298,312,211,191	2,2,2,2,2	2,2,2,1,2
s405	59,70,57,37,64	391,391,372,290,323	2,2,2,2,2	2,2,2,1,2
s406	26,58,67,23,56	233,364,347,275,325	2,2,2,2,2	2,2,2,1,2
s407	91,127,99,63,113	320,339,309,277,310	2,2,2,2,2	2,2,2,1,2
s408	57,61,73,46,74	383,384,346,315,335	2,2,2,2,2	2,2,2,1,2
s409	71,76,50,36,66	213,195,184,141,157	2,2,2,2,2	2,2,2,1,2
s410	56,59,60,34,64	321,357,395,343,358	2,2,2,2,2	2,2,2,1,2
s411	34,57,44,30,60	231,287,267,249,259	2,2,2,2,2	2,2,2,1,2
s412	45,57,31,31,44	245,240,232,217,188	2,2,2,2,2	2,2,2,1,2
s413	29,28,30,26,32	183,216,215,157,156	2,2,2,2,2	2,2,2,1,2
s414	36,38,39,20,36	224,252,204,170,173	2,2,2,2,2	2,2,1,1,2
s415	47,60,66,37,72	400,340,371,307,321	2,2,2,2,2	2,2,1,1,2
s416	73,93,64,47,111	391,448,398,360,430	2,2,2,2,3	2,2,1,2,2
s417	69,73,72,51,115	382,440,434,360,432	2,2,2,2,3	2,2,1,2,2
