ID	b	d	major_cn	minor_cn
s0	73	150	7	0
s1	100	559	4	2
s2	14	252	5	3
s3	64	315	4	3
s4	194	402	4	3
s5	214	390	4	3
s6	101	198	4	3
s7	108	621	5	3
s8	57	280	7	0
s9	65	209	7	0
s10	47	289	7	0
s11	78	136	4	2
s12	44	221	3	3
s13	127	227	3	2
s14	28	204	3	2
s15	107	265	3	2
s16	104	260	3	2
s17	31	340	4	3
s18	45	284	4	3
s19	201	347	4	3
s20	58	292	7	0
s21	110	217	4	0
s22	36	173	4	3
s23	236	453	4	3
s24	0	576	4	3
s25	261	589	6	5
s26	244	534	6	5
s27	181	466	8	5
s28	68	366	8	5
s29	165	384	5	3
s30	44	284	4	3
s31	93	201	4	3
s32	122	271	4	0
s33	126	422	4	3
s34	147	295	4	3
s35	281	463	4	3
s36	118	430	4	3
s37	83	236	3	2
s38	221	497	4	3
s39	109	369	4	3
s40	86	188	4	3
s41	180	273	4	3
s42	87	356	4	3
s43	194	386	4	3
s44	194	391	4	3
s45	112	368	6	3
s46	139	719	6	3
s47	103	466	6	3
s48	128	262	4	3
s49	182	340	4	3
s50	314	427	5	2
s51	205	603	5	2
s52	17	378	4	3
s53	189	357	4	3
s54	41	463	4	3
s55	86	313	4	2
s56	107	376	4	2
s57	198	455	4	3
s58	47	310	4	3
s59	29	288	4	3
s60	309	563	4	3
s61	161	477	4	3
s62	70	189	4	0
s63	57	57	4	0
s64	360	360	6	0
s65	78	79	6	0
s66	40	69	4	3
s67	127	476	4	3
s68	70	462	4	3
s69	218	218	5	0
s70	167	167	4	0
s71	314	315	4	0
s72	165	302	4	0
s73	67	446	7	0
s74	116	478	7	0
s75	62	347	4	3
s76	34	306	4	3
s77	212	435	4	3
s78	37	70	4	3
s79	198	358	4	3
s80	27	306	4	3
s81	45	404	4	3
s82	104	505	4	3
s83	108	513	4	3
s84	102	405	4	3
s85	48	128	4	0
s86	461	462	7	0
s87	113	373	7	0
s88	91	292	7	0
s89	511	511	7	0
s90	69	189	3	0
s91	42	179	3	0
s92	51	156	3	0
