ID	b	d	major_cn	minor_cn
s0	73	150	7	0
s1	101	198	4	3
s2	109	369	4	3
s3	91	375	4	3
s4	180	273	4	3
s5	17	190	4	3
s6	182	340	4	3
s7	205	603	5	2
s8	69	102	4	2
s9	189	357	4	3
s10	86	313	4	2
s11	26	167	3	0
s12	236	453	4	3
s13	261	589	6	5
s14	408	1084	8	5
s15	181	466	8	5
s16	68	366	8	5
s17	93	201	4	3
s18	127	311	4	3
s19	60	167	4	3
s20	126	422	4	3
s21	198	455	4	3
s22	47	310	4	3
s23	235	474	4	3
s24	29	288	4	3
s25	77	205	4	3
s26	51	164	4	3
s27	309	563	4	3
s28	70	189	4	0
s29	57	57	4	0
s30	78	79	6	0
s31	40	69	4	3
s32	176	388	4	3
s33	61	458	4	3
s34	70	462	4	3
s35	218	218	5	0
s36	167	167	4	0
s37	11	86	5	0
s38	48	699	7	0
s39	314	315	4	0
s40	136	136	4	0
s41	45	272	4	0
s42	86	409	7	0
s43	67	446	7	0
s44	157	554	7	0
s45	62	347	4	3
s46	34	306	4	3
s47	56	502	4	3
s48	212	435	4	3
s49	37	70	4	3
s50	52	296	4	3
s51	198	358	4	3
s52	45	404	4	3
s53	47	289	7	0
s54	44	221	3	3
s55	127	227	3	2
s56	108	513	4	3
s57	113	373	7	0
s58	91	292	7	0
s59	511	511	7	0
s60	122	271	4	0
s61	98	354	3	2
s62	83	236	3	2
s63	44	436	4	3
s64	221	497	4	3
s65	42	179	3	0
s66	51	156	3	0
