CHR	st_bp	end_bp	Minor_copy	Major_copy	Minor.sd	Major.sd
1	10009	60752854	0.545	1.977	0.0018	0.0056
1	60752854	117719215	1	1.729	0.0017	0.0026
1	117719215	121485359	0.151	1.577	0.058	0.0766
1	121485359	198816061	1	1.496	0.0017	0.0062
1	198816061	249240547	1	2.027	0.0018	0.0038
2	11331	90485889	0.131	1.642	0.002	0.0071
2	90485889	103384995	0.417	1	0.0133	0.0278
2	103384995	107704132	0.57	1	0.0052	0.0092
2	107704132	229635125	0.669	1.401	0.0012	0.008
2	229635125	243185856	1	1.557	0.0037	0.008
3	61591	82956504	0.069	1	7e-04	0.0021
3	82956504	109128111	1	1.592	0.0034	0.0105
3	109128111	165252859	1	2.064	0.0029	0.0048
3	165252859	166998825	2.212	1	0.0284	0.0211
3	166998825	181369718	1	2.138	0.0057	0.0085
3	181369718	197947453	1.903	3.718	0.0059	0.0235
4	10067	49660037	0.529	1.327	0.0069	0.0143
4	49660037	52687448	2.191	1	0.1564	0.1396
4	52687448	64828029	0.697	1.319	0.0059	0.011
4	64828029	191044233	0.324	1	0.0029	0.0059
5	11509	46404744	0.277	1.528	0.0027	0.0046
5	46404744	180903472	0.108	1.488	9e-04	0.0045
6	151306	46273671	1	2.058	0.0027	0.0062
6	46273671	58779703	0.102	1	0.1031	0.0615
6	58779703	129894370	1	1.469	0.0029	0.0111
6	129894370	171052585	0.194	1	0.0018	0.0043
7	10034	46120717	0.118	1	0.0015	0.0038
7	46120717	58050509	1	1.477	0.0047	0.0105
7	58050509	146042728	0.446	1	0.0042	0.0356
7	146042728	159126785	1	1.866	0.005	0.0182
8	33695	32752211	1	1.388	0.0019	0.0031
8	32752211	43838176	0.346	1	0.0205	0.0362
8	43838176	146302131	1	2.264	0.0041	0.006
9	10362	32158812	0.682	1.311	0.0027	0.0068
9	32158812	39138811	1.607	1	0.0135	0.0058
9	39138811	141127830	1	1.45	0.0033	0.012
10	62082	39154756	1	1.791	0.0036	0.0102
10	39154756	54116802	0.257	1	0.0274	0.0255
10	54116802	135524526	0.617	1.329	0.0012	0.005
11	110231	28368278	0.082	1	0.0015	0.0029
11	28368278	36798708	1	1.515	0.0065	0.0148
11	36798708	51592087	0.614	1.423	0.0311	0.0175
11	51592087	95047696	1	2.111	0.0027	0.0089
11	95047696	134946304	0.525	1	0.0019	0.0033
12	60760	27206054	1	1.794	0.0048	0.0098
12	27206054	34855727	1	2.209	0.0104	0.0653
12	34855727	89322710	1	1.753	0.0025	0.0063
12	89322710	99384848	1	1.42	0.0048	0.0073
12	99384848	133832247	0.29	1	0.0024	0.003
13	19020145	115109813	0.081	1.213	8e-04	0.0027
14	19000034	107286371	0.509	1.721	0.0016	0.0044
15	20000046	81841552	0.585	1	0.0014	0.0034
15	81841552	102521367	1	2.253	0.005	0.0099
16	60120	5805937	0.16	1	0.0045	0.0072
16	5805937	35284424	0.56	1	0.0047	0.0205
16	35284424	90291993	0.211	1	0.0051	0.0171
17	828	57576449	0.184	1.313	0.0031	0.0207
17	57576449	81190324	0.143	1.856	0.0023	0.006
18	10094	15410426	0.607	1.797	0.0082	0.0457
18	15410426	18538460	0.272	1	0.0347	0.0534
18	18538460	32459518	1	1.542	0.0045	0.0092
18	32459518	33537861	1.567	1	0.0263	0.0152
18	33537861	78016282	1	1.844	0.0024	0.0079
19	75041	24614208	0.237	1	0.0021	0.0037
19	24614208	59118912	0.654	1.585	0.0264	0.0402
20	61098	13950734	0.553	1	0.0024	0.0037
20	13950734	21702315	1	1.636	0.0068	0.0123
20	21702315	32261430	0.671	1.349	0.0085	0.0156
20	32261430	53180201	1	1.684	0.0036	0.0064
20	53180201	62965185	0.264	1.394	0.004	0.0092
21	9411327	11188079	0.542	1.158	0.0061	0.0239
21	11188079	48119785	0.148	1.385	0.0018	0.0055
22	16050353	51238249	0.165	1.284	0.0028	0.008
X	61929	155260437	0.207	1	0.0019	0.0074
Y	3061358	10082955	0.598	1.454	0.0087	0.0208
Y	10082955	13869609	1	3.106	0.017	0.0745
Y	13869609	28801328	1	2.719	0.0287	0.1108
Y	28801328	59033312	1	2.263	0.0163	0.033
